0 (594) 
1 (1535) 
2 (673) 
3 (531) 
4 (1394) 
5 (1094) 
6 (2149) 
7 (997) 
8 (3090) 
10 (1351) 
11 (525) 
12 (3415) 
17 (1683) 
18 (813) 
21 (2666) 
25 (1395) 
26 (527) 
27 (2165) 
28 (1454) 
31 (1666) 
32 (4248) 
33 (1460) 
35 (1984) 
36 (528) 
37 (1249) 
38 (2402) 
39 (4258) 
41 (1353) 
43 (1721) 
44 (903) 
45 (1728) 
46 (543) 
48 (2472) 
51 (1612) 
52 (1983) 
53 (535) 
54 (2595) 
55 (1959) 
57 (2743) 
58 (1330) 
66 (888) 
68 (1601) 
69 (2370) 
70 (2411) 
71 (3507) 
72 (2852) 
73 (2179) 
75 (3151) 
78 (2471) 
80 (826) 
82 (674) 
85 (1555) 
90 (1875) 
93 (2777) 
94 (1201) 
95 (841) 
96 (975) 
97 (1466) 
100 (1749) 
104 (1158) 
105 (1100) 
108 (940) 
110 (1801) 
111 (1171) 
112 (2680) 
114 (816) 
115 (1775) 
116 (2193) 
117 (731) 
118 (916) 
120 (4973) 
122 (1081) 
125 (1287) 
126 (1075) 
128 (525) 
129 (1547) 
130 (1711) 
132 (2641) 
136 (707) 
139 (671) 
140 (2687) 
143 (1417) 
144 (505) 
145 (4559) 
147 (1383) 
151 (2611) 
154 (1447) 
155 (697) 
156 (572) 
157 (1140) 
158 (884) 
159 (542) 
160 (987) 
161 (2320) 
162 (1450) 
163 (1256) 
164 (744) 
167 (625) 
168 (1538) 
170 (1203) 
171 (1097) 
172 (663) 
173 (1080) 
174 (579) 
175 (2791) 
176 (582) 
177 (4629) 
178 (654) 
181 (1235) 
183 (3883) 
185 (1529) 
187 (759) 
188 (650) 
190 (531) 
192 (2004) 
193 (925) 
194 (517) 
196 (2096) 
197 (1230) 
198 (1461) 
201 (1029) 
203 (861) 
204 (2174) 
205 (3605) 
207 (1214) 
208 (1483) 
210 (2009) 
212 (778) 
213 (522) 
214 (1893) 
215 (781) 
216 (525) 
217 (5375) 
220 (717) 
224 (919) 
226 (658) 
227 (1818) 
229 (2281) 
234 (1416) 
236 (2618) 
239 (2742) 
240 (1399) 
241 (784) 
242 (2325) 
249 (615) 
252 (781) 
256 (785) 
258 (1036) 
259 (1522) 
262 (660) 
263 (654) 
265 (1359) 
266 (1022) 
268 (885) 
272 (659) 
274 (2628) 
275 (1692) 
276 (2479) 
277 (982) 
278 (657) 
279 (3014) 
280 (2108) 
283 (4082) 
285 (2600) 
290 (1793) 
294 (1445) 
295 (712) 
296 (2210) 
298 (778) 
299 (522) 
300 (582) 
304 (805) 
307 (702) 
308 (1402) 
309 (1262) 
310 (1390) 
314 (846) 
315 (533) 
316 (578) 
318 (812) 
319 (1371) 
320 (540) 
321 (676) 
322 (1154) 
325 (1022) 
326 (1488) 
327 (662) 
328 (663) 
329 (964) 
332 (1861) 
334 (2146) 
335 (1345) 
336 (1071) 
339 (695) 
343 (1599) 
345 (801) 
346 (3470) 
347 (885) 
348 (1226) 
349 (2041) 
350 (3069) 
351 (1641) 
352 (902) 
354 (5835) 
355 (958) 
357 (1142) 
361 (1104) 
362 (4388) 
364 (567) 
366 (1031) 
368 (7828) 
369 (592) 
373 (2007) 
377 (1149) 
378 (1149) 
381 (2959) 
383 (668) 
385 (1676) 
387 (2089) 
388 (938) 
390 (2685) 
392 (2420) 
394 (1145) 
395 (990) 
401 (3667) 
403 (1722) 
405 (1525) 
406 (785) 
407 (634) 
408 (607) 
409 (651) 
411 (2047) 
412 (517) 
413 (2637) 
414 (1160) 
415 (877) 
417 (971) 
419 (5057) 
421 (656) 
422 (1255) 
423 (1412) 
424 (1448) 
427 (1856) 
428 (1021) 
429 (1037) 
430 (580) 
432 (985) 
436 (589) 
438 (4511) 
440 (1943) 
447 (863) 
448 (1370) 
449 (1890) 
450 (2082) 
456 (804) 
458 (1124) 
460 (4438) 
461 (1498) 
464 (848) 
467 (742) 
468 (1089) 
469 (1502) 
470 (4137) 
471 (2894) 
472 (2125) 
474 (815) 
475 (663) 
477 (2462) 
478 (522) 
480 (2309) 
481 (888) 
484 (971) 
486 (1547) 
487 (3135) 
489 (3420) 
490 (1066) 
492 (665) 
493 (583) 
494 (5102) 
496 (1428) 
499 (743) 
500 (1444) 
504 (1296) 
505 (791) 
507 (950) 
509 (3044) 
510 (3281) 
511 (1015) 
512 (611) 
513 (1287) 
515 (1166) 
516 (1544) 
517 (1201) 
518 (759) 
521 (1582) 
522 (2725) 
523 (2244) 
525 (609) 
526 (2793) 
527 (1185) 
528 (576) 
529 (7057) 
530 (1263) 
533 (772) 
534 (1531) 
538 (3982) 
540 (1293) 
541 (3735) 
544 (773) 
546 (1050) 
548 (2843) 
550 (1203) 
554 (1114) 
557 (587) 
558 (957) 
561 (2783) 
563 (1065) 
565 (640) 
567 (1102) 
568 (956) 
569 (2835) 
571 (2902) 
572 (1589) 
573 (1229) 
574 (1297) 
576 (1337) 
577 (1695) 
578 (1290) 
579 (2164) 
580 (1667) 
581 (2943) 
583 (1389) 
585 (856) 
590 (814) 
591 (1241) 
593 (2601) 
594 (1516) 
595 (797) 
597 (2883) 
598 (3219) 
600 (1192) 
605 (1652) 
606 (2668) 
608 (999) 
611 (1444) 
614 (3134) 
616 (568) 
617 (2614) 
618 (1337) 
620 (2100) 
622 (826) 
623 (1845) 
624 (915) 
626 (874) 
628 (1102) 
629 (893) 
630 (1523) 
631 (2793) 
632 (1070) 
633 (780) 
634 (2492) 
638 (2288) 
639 (1572) 
640 (932) 
641 (1494) 
642 (830) 
645 (581) 
647 (551) 
648 (653) 
649 (1292) 
651 (1288) 
653 (2634) 
657 (506) 
658 (1881) 
659 (835) 
660 (610) 
661 (2693) 
663 (2354) 
665 (1297) 
672 (743) 
673 (1635) 
674 (2527) 
675 (2976) 
676 (2717) 
678 (1329) 
682 (4132) 
684 (5408) 
686 (1495) 
687 (1762) 
688 (1132) 
689 (817) 
690 (778) 
692 (4993) 
694 (2847) 
701 (1283) 
703 (546) 
704 (1794) 
705 (888) 
706 (1923) 
707 (1354) 
708 (1090) 
709 (672) 
710 (1044) 
711 (714) 
712 (845) 
713 (716) 
716 (1199) 
718 (1238) 
719 (663) 
720 (3864) 
722 (5845) 
723 (829) 
730 (602) 
731 (560) 
732 (799) 
733 (1141) 
735 (1689) 
736 (1470) 
738 (2129) 
740 (1632) 
742 (953) 
744 (2177) 
745 (909) 
746 (1982) 
749 (1330) 
752 (2578) 
753 (578) 
758 (2860) 
759 (788) 
760 (698) 
762 (792) 
763 (1862) 
765 (1705) 
766 (6265) 
769 (1622) 
771 (505) 
774 (2046) 
775 (3771) 
778 (2514) 
780 (2306) 
782 (2767) 
784 (1257) 
785 (947) 
788 (2386) 
789 (4309) 
790 (1094) 
792 (1306) 
793 (3063) 
794 (624) 
795 (3361) 
797 (2684) 
798 (3103) 
800 (1916) 
801 (835) 
803 (2237) 
804 (1315) 
805 (1789) 
809 (2163) 
810 (1267) 
812 (1518) 
814 (1672) 
815 (1358) 
819 (1257) 
820 (1473) 
823 (1031) 
824 (565) 
825 (3085) 
826 (2022) 
828 (542) 
829 (6810) 
830 (841) 
831 (852) 
832 (2062) 
833 (629) 
834 (1373) 
835 (732) 
837 (619) 
838 (953) 
839 (854) 
841 (1927) 
842 (752) 
843 (1222) 
844 (2814) 
845 (585) 
846 (1480) 
851 (577) 
852 (538) 
853 (1804) 
854 (2847) 
855 (939) 
857 (1588) 
858 (866) 
859 (1242) 
860 (1255) 
862 (3649) 
867 (1530) 
868 (510) 
871 (2810) 
874 (2237) 
878 (2047) 
879 (865) 
883 (4902) 
884 (1645) 
885 (3043) 
886 (3053) 
887 (1671) 
888 (3686) 
890 (1437) 
893 (1947) 
895 (3385) 
897 (1935) 
899 (1252) 
900 (1165) 
903 (711) 
905 (640) 
906 (1444) 
909 (525) 
910 (1695) 
911 (586) 
912 (1009) 
913 (1939) 
914 (4037) 
918 (3012) 
919 (3710) 
921 (2425) 
922 (990) 
923 (1753) 
925 (652) 
926 (672) 
928 (1034) 
932 (1786) 
933 (523) 
934 (510) 
935 (1742) 
937 (4681) 
938 (766) 
940 (536) 
941 (1126) 
943 (821) 
944 (2794) 
945 (536) 
946 (1350) 
947 (3690) 
948 (1149) 
949 (1414) 
950 (1463) 
952 (1574) 
953 (525) 
956 (3626) 
960 (2732) 
963 (1327) 
964 (1518) 
966 (3921) 
967 (1695) 
969 (849) 
970 (2086) 
973 (512) 
975 (1764) 
978 (1141) 
980 (899) 
981 (1542) 
982 (1640) 
984 (1756) 
988 (1164) 
989 (1289) 
991 (1268) 
992 (1116) 
995 (1521) 
998 (2713) 
